/* ---- Карта Москвы: контуры 12 округов, векторизованные из демоварианта
   (deploy/615/emb/p4_0.jpeg — вырез карты из school1517.ru/adt/20260910.pdf).
   Порядок, номера и взаимное положение округов — как в файле; это настоящие
   очертания, а не упрощённый силуэт. Система координат: viewBox 0 0 360 428. ---- */
  const MOSCOW={
    '1':['M266.8,137.0 262.6,136.3 259.1,134.8 256.6,132.3 253.5,131.1 249.7,131.1 246.9,132.3 245.1,134.8 242.3,134.8 238.5,132.3 236.7,132.6 236.7,135.8 236.0,137.9 234.8,139.2 232.3,139.8 228.6,139.8 224.8,141.6 221.1,145.4 219.5,148.5 220.2,151.0 222.7,151.2 226.9,149.5 230.7,149.1 233.9,150.4 234.8,153.2 233.5,157.5 231.4,160.9 228.2,163.4 226.7,165.9 226.7,168.4 227.7,169.9 229.4,170.7 231.7,169.9 234.2,168.2 236.0,167.4 237.3,168.2 239.4,167.4 242.6,165.7 246.0,164.7 249.7,164.7 255.1,163.4 261.8,160.9 265.6,159.1 266.3,157.8 265.1,155.7 261.8,152.5 260.3,150.0 260.3,148.2 262.2,146.0 265.9,143.5 268.0,141.0 268.8,138.5Z'],
    '2':['M217.7,76.3 212.0,81.2 208.0,84.0 205.5,84.7 203.7,86.2 202.4,88.7 202.0,91.8 202.8,95.6 204.0,98.1 205.8,99.3 208.0,103.0 210.5,109.3 211.5,114.2 210.8,118.0 211.8,124.2 214.2,132.9 216.7,139.2 219.2,142.9 221.7,143.3 224.2,140.0 227.9,138.3 232.9,137.5 234.4,129.8 232.7,114.9 231.9,104.7 232.7,98.9 231.9,92.2 230.2,84.0 226.9,78.5 222.7,75.3Z','M186.6,50.4 183.4,51.1 180.4,50.4 177.1,48.6 173.8,48.2 170.0,49.5 169.2,51.1 170.9,52.9 170.9,54.8 169.2,56.6 170.7,59.1 175.6,62.3 177.9,65.1 177.1,67.5 178.1,68.2 180.6,66.9 181.6,65.7 180.9,64.4 181.6,62.8 183.4,61.1 184.4,58.6 184.4,55.3 185.4,52.9 187.1,51.1Z'],
    '3':['M225.5,52.6 223.0,55.1 222.0,59.1 222.7,64.8 225.5,70.0 230.4,75.0 234.4,89.7 237.7,113.9 240.6,127.1 243.9,128.8 247.2,128.8 251.0,127.1 253.1,124.2 253.8,120.5 255.3,117.1 257.8,113.9 259.1,110.5 259.1,106.8 262.8,99.7 270.3,89.0 272.5,82.7 269.3,81.0 262.8,79.4 252.8,78.1 243.5,76.0 234.8,72.8 229.4,70.3 227.7,68.5 227.3,64.1 228.6,57.3 228.6,53.2 227.3,52.0Z'],
    '4':['M275.9,90.0 274.6,92.5 275.0,94.9 276.8,97.4 276.8,99.7 275.0,101.4 272.2,102.4 268.4,102.4 265.9,103.0 264.7,104.3 262.2,111.1 258.5,123.6 260.1,131.1 266.8,133.5 271.5,136.0 274.0,138.5 275.3,142.3 275.3,147.2 285.5,156.6 306.1,170.3 317.6,176.1 320.1,174.4 323.8,173.1 328.8,172.4 332.5,170.9 335.0,168.4 336.0,166.5 335.3,165.3 331.3,165.7 323.8,167.4 318.2,167.2 314.5,164.7 314.5,160.9 318.2,156.0 318.8,154.1 316.4,155.3 313.2,155.3 309.5,154.1 307.9,150.0 308.6,143.3 308.3,133.3 307.0,120.1 300.2,107.6 287.7,95.9 280.2,89.7 277.8,89.0Z'],
    '5':['M264.1,148.2 264.1,150.0 265.6,152.8 268.8,156.6 268.0,159.7 263.8,162.2 260.9,164.7 259.7,167.2 259.7,170.3 260.9,174.0 263.8,176.1 268.0,176.9 271.3,178.1 273.0,179.9 274.0,182.4 274.0,185.6 271.3,189.3 265.6,193.6 262.8,197.1 262.8,199.5 265.1,202.3 269.3,205.5 275.0,206.8 281.7,206.0 286.7,204.8 290.0,203.0 292.4,203.0 294.2,204.8 294.9,206.4 294.2,207.6 294.6,209.5 295.8,212.0 298.9,210.8 303.9,205.8 306.6,200.5 307.4,194.8 307.0,190.8 305.8,188.3 306.1,186.5 307.9,185.2 310.1,185.6 312.6,187.3 314.1,185.6 314.9,179.9 304.9,170.7 284.2,157.5 274.0,148.7 274.0,144.5 271.5,143.5 266.5,146.0Z','M331.1,162.8 330.3,164.1 331.3,164.4 333.8,163.7 335.7,164.4 336.9,166.2 336.0,169.0 332.8,172.8 330.7,174.6 329.4,174.6 330.1,175.9 332.5,178.4 332.8,181.1 331.1,184.4 333.2,187.1 339.4,189.6 342.8,189.3 343.5,186.1 342.5,183.1 340.0,179.9 340.0,176.9 342.5,173.6 340.6,169.7 334.4,164.7Z'],
    '6':['M249.1,168.2 246.6,169.9 244.4,170.3 242.6,169.0 241.6,170.7 241.6,174.9 242.6,177.8 244.4,179.0 246.4,181.9 248.1,186.1 248.1,191.1 246.4,196.8 246.0,200.5 247.2,202.3 246.0,204.8 242.3,208.0 239.4,212.2 237.7,218.0 237.7,222.6 239.4,226.3 239.8,230.4 238.5,234.7 238.5,237.2 239.8,237.9 241.6,237.5 244.1,236.3 245.4,234.7 245.4,232.9 244.8,232.2 243.5,232.9 242.3,232.5 241.0,231.3 240.4,229.4 240.4,226.9 241.4,224.7 243.1,223.0 244.4,223.0 245.1,224.7 246.6,225.9 249.1,226.7 251.0,225.9 252.2,224.2 254.1,223.2 256.6,223.2 260.1,224.7 264.3,227.9 266.8,229.2 267.5,228.4 266.8,227.6 265.1,226.3 265.3,225.1 267.8,223.8 270.3,224.2 272.8,225.9 273.0,228.8 271.3,232.5 272.5,233.2 276.8,230.7 281.7,225.9 287.5,219.2 290.5,216.0 291.2,216.7 291.5,215.1 291.5,211.4 290.8,209.3 289.6,208.5 287.7,209.3 285.2,211.0 279.6,211.8 270.9,211.0 266.3,209.8 265.6,208.0 263.4,205.8 259.7,203.3 257.8,200.2 257.8,196.4 260.3,192.7 265.3,189.0 267.5,186.1 266.8,184.4 265.6,184.4 263.8,186.1 260.3,187.3 255.3,188.1 251.6,187.3 249.1,185.6 248.5,183.6 249.7,181.9 251.0,181.1 252.2,181.9 254.1,181.1 256.6,179.4 257.6,176.1 256.8,171.9 255.1,169.0 251.9,167.8Z'],
    '7':['M227.9,175.9 220.5,183.4 217.4,188.3 218.6,190.8 215.2,195.8 207.0,203.3 205.3,211.4 209.5,220.1 215.5,227.2 223.0,232.9 226.7,236.9 226.7,239.4 227.7,241.6 229.4,243.4 229.8,245.9 228.6,249.1 226.7,250.6 224.2,250.6 219.2,252.8 211.8,257.1 208.0,259.9 208.0,261.2 210.5,262.1 215.5,262.8 220.2,265.3 224.5,269.5 226.4,272.4 225.7,273.6 226.9,272.8 230.2,269.5 232.3,268.7 233.5,269.9 234.2,272.0 234.2,275.3 236.0,277.0 239.8,277.8 239.8,275.3 236.0,269.5 234.8,262.4 236.0,253.7 237.7,247.9 239.4,244.6 238.9,241.6 235.7,238.4 233.9,232.9 233.2,224.7 233.5,219.5 234.8,217.0 235.2,213.9 234.4,210.1 235.7,207.3 238.9,205.5 241.0,203.0 242.3,199.8 242.9,195.8 242.9,190.8 241.0,184.4 237.3,176.1 234.4,172.2 232.7,172.2Z'],
    '8':['M229.2,154.5 224.2,156.2 220.5,156.2 218.0,154.5 215.7,151.6 214.0,147.9 211.5,145.8 208.3,145.0 206.8,147.0 206.8,151.2 204.9,154.7 201.2,157.2 197.8,157.2 194.6,154.7 193.7,152.2 194.9,149.7 196.8,148.2 199.3,147.5 199.9,145.4 198.7,141.6 196.8,140.4 194.3,141.6 189.1,142.0 180.9,141.3 176.6,143.8 175.9,149.5 177.5,157.8 181.2,169.0 182.1,175.9 180.4,178.4 178.4,178.1 176.6,174.9 175.6,174.4 175.6,176.1 175.0,177.8 173.8,179.0 172.5,179.4 171.3,178.6 169.2,180.2 165.9,184.0 165.4,186.5 167.2,187.7 169.2,188.1 170.9,187.3 171.7,186.5 170.9,185.2 171.7,183.6 173.4,181.9 176.9,179.9 181.9,178.1 185.9,179.6 189.1,184.6 189.6,188.1 187.8,189.8 187.5,191.8 188.7,193.6 188.3,195.6 186.6,197.3 184.1,197.7 180.9,196.4 178.8,196.8 177.5,198.6 176.3,198.3 175.0,195.8 173.4,195.6 171.7,197.3 170.4,198.1 169.7,197.3 168.4,199.8 166.7,205.5 167.2,208.5 170.4,209.3 173.2,210.8 175.6,213.2 177.5,213.9 178.8,212.6 181.2,212.0 185.0,212.0 186.8,208.9 186.8,202.7 188.1,198.6 190.6,196.8 194.3,198.6 199.3,204.3 205.3,203.9 212.0,197.7 215.5,192.7 215.5,189.0 218.2,184.0 224.0,177.8 225.7,173.4 224.0,170.9 223.0,168.4 223.0,165.9 224.8,163.2 228.6,159.9 230.7,157.2 231.4,154.7Z','M42.6,157.0 43.4,158.7 44.6,159.7 46.4,159.7 49.2,157.2 53.0,152.2 55.5,150.4 56.7,151.6 56.7,153.5 55.5,156.0 57.6,159.4 63.3,163.7 67.6,165.7 70.8,164.9 73.5,165.9 76.0,168.4 77.3,170.7 77.3,172.4 77.9,172.4 79.1,170.7 81.2,170.3 84.5,171.5 87.0,170.3 88.7,166.5 90.7,165.7 92.5,167.4 95.7,168.4 99.9,168.4 103.2,167.2 104.9,164.7 102.2,163.4 94.7,163.4 89.5,164.7 86.2,167.2 84.5,167.4 83.7,165.7 81.6,163.4 77.9,160.9 76.0,158.5 76.0,156.0 74.2,154.7 70.4,154.7 67.9,153.5 66.7,151.0 64.6,150.7 61.3,152.5 59.2,152.8 58.0,151.6 58.3,150.4 60.1,149.1 58.8,148.7 54.6,149.5 51.4,151.2 49.6,154.5 47.1,156.0 43.9,156.0Z','M153.5,223.0 146.8,222.2 142.0,225.4 139.5,232.2 138.9,235.9 140.2,236.7 144.8,235.0 153.0,231.3 157.0,227.9 157.0,224.7Z','M162.2,126.7 162.9,127.9 162.2,129.8 160.4,132.3 160.7,134.5 163.2,136.3 163.2,138.3 160.7,140.0 160.4,141.3 162.2,142.0 163.4,141.3 164.2,139.5 165.4,139.2 167.2,140.4 169.7,138.8 172.9,134.5 172.2,131.7 167.9,130.4 164.7,128.8 162.9,127.1Z'],
    '9':['M201.8,83.7 199.3,86.2 195.6,87.5 190.6,87.5 186.2,90.6 182.5,96.8 178.8,98.1 175.0,94.3 171.9,93.1 169.4,94.3 167.9,95.9 167.2,97.7 167.5,102.2 168.8,108.9 170.4,112.6 172.2,113.4 174.6,112.6 177.9,110.9 180.9,110.5 184.1,111.8 184.1,115.9 180.9,122.6 180.0,128.3 181.2,132.6 183.4,135.8 186.6,137.5 190.3,138.3 194.6,137.5 198.3,138.3 201.5,140.0 203.3,142.5 204.0,145.8 202.8,148.5 199.6,151.0 198.3,152.5 199.1,153.2 200.8,153.2 204.0,152.5 205.3,150.4 204.5,146.6 205.3,143.8 207.0,142.0 210.3,142.3 214.5,144.8 214.5,139.8 210.3,127.3 207.4,116.7 206.2,108.0 204.0,100.9 200.8,95.2 200.3,90.0 202.0,85.0Z','M172.5,60.7 173.8,61.9 175.0,67.8 176.3,78.5 178.8,84.4 182.5,85.6 184.6,84.7 185.4,81.5 184.6,77.3 182.9,71.5 182.9,67.3 184.6,64.1 185.0,62.8 183.7,63.6 183.1,64.8 183.1,66.6 181.6,68.5 178.4,70.3 176.3,70.7 175.0,69.4 174.6,67.5 175.4,65.1 174.6,62.8 172.9,61.1Z','M241.9,271.8 240.1,271.8 240.1,272.8 241.9,274.5 242.6,276.8 241.9,279.2 239.2,281.5 234.2,283.2 231.4,285.5 230.7,288.0 229.2,289.8 226.7,291.1 225.5,293.2 225.5,296.4 224.5,298.5 222.7,299.8 221.7,301.9 221.7,305.1 221.1,307.3 219.8,308.5 218.0,309.1 215.5,309.1 213.2,308.1 211.5,306.4 210.5,303.5 210.5,299.8 209.0,297.3 205.8,296.1 202.8,293.6 199.6,289.8 197.1,288.0 195.3,288.0 192.5,289.8 188.7,293.6 185.9,294.8 184.1,293.6 181.9,294.4 179.4,297.7 182.9,296.7 192.1,291.7 198.1,290.7 200.5,293.9 204.0,296.7 208.3,299.2 210.5,301.9 210.5,305.1 211.5,307.6 213.2,309.4 215.5,310.4 218.0,310.4 220.2,309.8 222.0,308.5 223.6,304.4 224.8,297.7 226.9,293.2 230.2,291.4 232.3,289.2 233.5,286.7 236.7,284.2 241.6,281.7 243.9,278.2 243.1,274.0Z','M261.3,177.4 260.6,178.1 261.3,179.0 263.1,180.2 263.4,181.5 262.2,182.7 263.1,183.1 266.3,182.4 268.4,183.4 269.7,185.8 268.0,188.6 263.8,191.8 261.6,195.8 261.6,200.8 263.8,204.5 268.0,207.0 273.8,208.3 280.5,208.3 285.5,207.3 288.7,205.5 291.2,207.6 292.9,213.9 288.0,222.2 276.3,232.9 276.3,233.2 288.0,223.2 293.9,215.1 293.9,208.9 293.3,205.2 292.1,203.9 290.0,204.3 286.7,206.0 282.5,207.3 276.8,208.0 272.2,207.6 268.4,206.4 265.3,204.5 262.8,202.0 261.6,199.5 261.6,197.1 264.1,193.9 269.0,190.2 271.5,187.1 271.5,184.6 269.0,181.9 264.1,178.6Z'],
    '10':['M110.9,18.4 113.4,22.1 114.0,25.5 112.8,28.7 112.4,33.3 113.1,39.5 118.1,44.1 127.3,47.4 130.8,47.6 128.3,45.1 127.7,42.0 128.9,38.3 130.8,35.2 133.3,32.7 137.0,33.7 142.0,37.9 144.8,38.3 145.5,34.5 144.8,31.7 143.0,29.9 142.3,28.7 143.0,27.9 138.9,24.6 130.2,18.4 124.6,15.9 122.1,17.1 118.1,17.5 112.4,16.7Z'],
    '11':['M99.9,237.5 105.7,246.2 111.1,249.1 116.9,245.9 120.8,245.6 123.3,248.1 125.8,249.1 128.3,248.4 130.6,249.4 132.3,251.8 136.0,252.8 141.8,252.1 145.5,252.8 147.2,254.6 150.1,255.3 153.8,254.6 157.2,255.0 160.4,256.2 163.4,255.8 166.7,254.1 168.8,253.7 170.0,255.0 170.7,257.8 170.7,262.1 168.8,266.2 165.1,269.9 162.9,273.3 162.2,276.5 162.2,280.2 162.9,284.5 165.1,287.7 168.8,289.5 170.0,291.7 168.8,294.2 169.4,296.1 171.9,297.3 174.6,297.9 177.9,297.9 180.4,296.4 182.1,293.2 184.1,292.3 185.9,293.6 189.3,292.3 194.3,288.6 198.3,288.6 201.5,292.3 205.5,295.7 210.5,298.9 212.8,301.7 212.0,304.2 212.4,306.0 213.6,307.3 215.7,307.9 219.0,307.9 221.5,304.2 223.2,296.7 226.4,290.5 230.7,285.5 233.5,283.2 234.8,284.0 236.7,283.2 239.2,281.5 239.4,280.5 237.7,280.5 235.7,279.5 233.9,277.8 232.9,275.3 232.9,272.0 231.9,270.5 230.2,270.5 228.6,272.4 227.3,276.1 225.5,275.8 223.0,271.5 217.7,267.4 209.5,263.7 207.8,259.6 212.0,255.3 217.4,251.6 223.6,248.4 226.1,243.8 224.8,237.5 224.0,234.7 223.2,235.4 219.8,233.2 213.6,228.2 206.5,219.2 198.3,206.0 193.1,199.8 190.6,200.5 189.6,202.7 190.3,206.4 189.1,210.5 185.9,214.7 181.2,216.7 175.0,216.0 170.0,214.2 166.3,211.0 164.4,206.8 164.4,201.0 163.2,200.2 160.7,203.9 158.2,205.8 155.7,205.8 153.8,204.8 152.6,203.0 149.7,202.7 145.5,203.9 142.3,205.5 140.5,207.3 139.5,209.8 139.5,213.0 137.7,216.0 133.9,219.2 132.3,221.7 133.1,223.5 131.8,225.9 128.6,229.2 126.1,230.4 124.3,229.7 123.1,228.4 122.3,226.7 120.8,226.7 118.4,228.4 115.6,228.4 112.4,226.7 109.9,226.7 108.1,228.4 105.7,229.2 102.4,228.4 99.9,229.4 98.2,231.9Z','M270.3,137.9 270.3,139.2 268.0,141.6 263.8,145.4 261.6,148.2 261.6,150.0 263.1,152.5 266.3,155.7 267.2,158.2 265.9,159.9 259.1,162.8 246.6,166.5 239.8,167.8 238.5,166.5 238.2,165.3 238.9,164.1 237.9,164.9 235.4,168.2 235.2,170.3 236.9,171.5 238.2,173.6 238.9,176.9 240.4,179.9 242.9,183.1 243.9,189.6 243.1,199.5 241.4,205.8 238.2,208.3 236.4,211.8 235.7,216.0 235.7,223.2 236.4,233.2 242.3,238.8 253.5,240.0 259.7,239.6 260.9,237.9 262.6,237.5 264.3,238.8 270.3,235.9 280.2,229.2 287.1,223.5 290.8,219.2 292.4,216.0 291.7,214.2 288.3,217.6 282.1,226.3 277.1,229.4 273.4,226.9 272.5,225.1 274.3,223.8 275.3,222.0 275.3,219.5 274.3,218.2 272.5,218.2 270.0,219.5 266.8,222.0 264.7,222.6 263.4,221.3 263.4,219.7 264.7,218.0 264.7,216.4 263.4,215.1 264.1,213.2 266.5,210.8 271.8,209.8 280.0,210.5 285.8,210.1 289.6,208.9 291.2,207.6 290.5,206.4 288.7,206.8 285.5,208.5 280.5,209.5 273.8,209.5 267.5,207.3 261.8,203.0 259.3,199.3 260.1,196.1 262.8,192.7 267.8,189.0 270.0,186.1 269.3,184.4 268.4,183.6 267.2,184.4 265.1,183.1 261.8,179.9 259.7,175.9 258.5,170.9 258.8,166.9 260.6,163.7 263.4,161.2 267.2,159.4 267.5,156.6 264.3,152.8 262.8,150.0 262.8,148.2 264.7,146.0 268.4,143.5 270.3,141.0 270.3,138.5Z'],
    '12':['M20.0,280.2 20.0,289.5 19.0,295.2 17.2,296.9 16.0,300.7 15.2,306.4 17.7,311.6 23.5,316.6 26.0,320.1 25.2,321.8 26.8,324.7 30.6,328.4 31.4,331.8 29.7,335.0 34.9,341.8 47.4,352.5 53.4,358.3 52.6,359.6 56.1,363.7 63.6,370.4 68.3,376.1 70.0,380.4 72.3,382.6 74.8,382.6 77.0,383.6 78.8,385.3 78.8,387.3 77.0,389.1 74.2,390.3 70.4,391.1 67.9,392.6 66.7,395.1 64.6,396.3 61.3,396.3 59.8,398.2 59.8,401.9 77.3,403.8 112.1,403.8 130.2,403.2 131.4,401.9 133.1,401.9 134.8,403.2 138.5,403.8 144.3,403.8 147.2,402.8 148.0,401.0 149.5,401.0 152.0,402.8 161.3,403.5 177.5,402.8 186.2,398.2 187.5,389.5 186.2,382.9 182.5,378.6 183.4,374.9 189.1,371.6 190.3,367.9 187.1,363.7 187.8,358.9 192.1,354.0 193.3,350.0 191.6,346.7 192.5,343.0 196.2,338.8 199.3,337.8 201.8,340.3 203.0,339.3 203.0,335.0 202.4,332.2 201.2,330.9 201.5,329.3 203.3,327.6 201.5,323.5 195.8,317.2 191.2,313.5 187.5,312.2 184.1,310.1 180.9,306.9 179.1,305.6 178.4,306.4 177.5,306.0 176.3,304.8 176.6,303.5 178.4,302.3 176.6,301.4 170.9,300.7 167.5,299.8 166.3,298.5 165.7,296.1 165.7,292.3 164.4,289.8 161.9,288.6 160.4,285.2 159.7,279.5 159.7,275.3 160.4,272.0 162.2,268.7 165.4,264.9 166.7,261.8 165.9,259.3 164.4,258.3 161.9,259.1 158.8,258.7 155.1,257.5 152.6,257.5 151.4,258.7 149.5,258.3 147.0,256.6 142.3,255.6 135.5,255.6 131.4,254.6 130.2,252.8 128.1,251.8 124.8,251.8 122.1,250.9 119.6,249.1 115.2,249.4 109.0,251.8 105.3,254.1 104.0,255.8 104.0,257.5 105.3,258.7 105.9,262.1 105.9,267.8 107.2,271.2 109.6,272.4 110.9,274.0 110.9,275.8 109.9,277.4 108.1,278.6 108.1,282.0 109.9,287.7 107.4,291.7 100.7,294.2 100.7,298.2 107.4,303.9 110.3,307.3 109.0,308.5 106.5,308.5 102.8,307.3 99.9,307.3 98.2,308.5 94.4,306.4 88.7,300.7 83.7,298.9 79.5,300.7 76.6,302.9 75.4,305.4 73.3,305.1 70.0,301.9 67.9,300.7 66.7,301.4 65.4,301.0 64.2,299.8 63.6,294.8 63.6,286.1 61.3,281.5 57.1,280.7 54.2,278.6 53.0,274.9 51.7,273.6 50.5,274.9 42.4,275.5 27.5,275.5Z'],
  };
  const MOSCOW_LABEL={
    1:[245.4,148.5],
    2:[221.7,101.2],
    3:[249.1,101.2],
    4:[289.0,124.8],
    5:[287.7,178.4],
    6:[257.8,213.2],
    7:[226.7,194.6],
    8:[201.8,167.2],
    9:[194.3,114.9],
    10:[123.3,30.2],
    11:[191.8,245.6],
    12:[127.1,345.2],
  };
  const MOSCOW_NAME=[
    ['ВАО',289.0,141.0],
    ['ЗАО',203.0,183.4],
    ['ЮАО',257.8,229.4],
  ];
  const MOSCOW_H=428;
/* ---- Карта часовых поясов Дальневосточного федерального округа:
   контуры векторизованы из демоварианта (deploy/615/emb/p2_1.jpeg).
   Пять поясов теми же цветами, что в файле. ---- */
  const ZONES={
    'МСК+5':['M71.8,189.1 70.5,189.1 68.7,187.7 66.3,184.9 64.1,183.3 61.7,182.8 60.1,183.3 59.2,184.6 57.3,185.5 54.5,186.1 52.2,187.4 50.4,189.8 49.5,191.8 49.5,193.7 48.5,195.4 46.7,196.6 44.6,199.4 42.2,203.7 40.4,206.5 39.1,207.8 37.4,208.5 35.6,208.5 35.1,208.3 36.0,207.8 37.2,208.5 38.5,210.3 38.8,213.3 37.9,217.6 35.6,221.3 31.9,224.4 30.0,226.5 30.0,227.5 29.6,228.4 28.6,229.3 27.4,228.8 26.1,227.0 25.6,227.0 26.1,228.8 24.9,230.5 22.2,231.8 19.8,232.1 18.0,231.2 16.6,230.9 15.7,231.4 14.8,230.7 13.8,228.8 13.6,228.1 14.1,228.7 13.8,229.3 12.9,230.2 11.3,230.5 8.9,230.0 8.0,230.9 8.6,233.3 10.1,235.3 12.9,237.2 16.3,237.6 20.6,236.7 24.3,237.0 27.4,238.3 29.6,238.8 30.5,238.3 31.1,237.0 31.7,234.6 32.6,232.7 33.9,231.4 35.8,230.7 38.2,230.7 40.7,229.8 43.4,227.9 45.0,227.2 45.6,227.7 46.2,227.5 47.1,226.5 48.7,226.1 51.1,226.1 53.0,224.2 54.3,220.5 56.4,217.6 59.2,215.2 61.5,214.0 63.3,214.0 63.5,213.1 62.2,211.3 61.7,210.2 62.2,209.6 61.9,209.0 61.0,208.0 60.6,206.5 60.6,204.1 61.3,202.2 62.6,200.9 64.4,200.2 66.8,200.2 67.8,199.2 67.2,197.4 68.7,195.4 71.8,192.9 73.3,191.1 72.8,189.8Z'],
    'МСК+6':['M44.4,94.2 43.4,95.2 43.2,97.0 43.7,99.8 45.0,102.3 47.4,104.7 49.0,107.5 49.9,110.6 49.5,113.0 47.6,114.3 45.7,115.0 43.9,115.0 41.6,116.2 38.8,118.6 37.0,120.6 36.0,122.4 35.1,123.2 34.2,122.6 31.9,123.2 28.2,124.5 26.8,126.1 27.7,128.0 28.2,131.2 28.2,135.9 27.2,138.9 25.4,140.2 25.2,143.3 26.5,147.9 26.5,151.6 25.2,154.4 26.3,156.2 30.0,157.1 33.5,159.5 36.7,163.2 38.3,166.1 38.3,168.5 38.8,170.1 39.7,171.0 40.0,172.2 39.5,173.5 40.0,175.2 41.3,177.0 41.6,179.6 40.7,182.8 39.5,185.2 38.2,186.5 37.6,187.7 38.2,188.6 41.3,188.6 47.4,187.7 50.8,186.5 51.8,185.2 54.1,183.5 57.8,181.7 60.6,180.7 62.4,180.7 65.0,182.1 68.1,184.9 70.5,186.3 71.8,186.3 73.3,187.0 74.6,188.3 75.5,190.2 76.1,192.6 74.6,194.4 71.5,195.7 70.0,197.9 70.5,200.6 70.3,202.5 69.3,203.4 67.5,203.9 64.7,203.9 63.3,205.0 63.3,207.4 64.3,210.2 66.1,213.3 65.0,215.9 60.7,217.7 58.2,219.4 57.3,220.7 57.8,221.0 59.6,220.1 61.0,220.5 61.9,222.4 61.9,223.8 61.0,224.7 59.6,224.7 57.8,223.8 56.9,223.8 56.9,224.7 55.9,226.1 54.1,227.9 52.2,228.7 50.4,228.1 47.6,229.0 43.9,231.4 40.4,232.5 37.2,232.5 35.1,233.0 34.2,233.9 33.9,234.9 34.5,235.8 34.2,237.2 33.3,239.0 33.3,240.4 34.2,241.3 37.6,241.8 43.7,241.8 48.7,240.7 53.0,238.3 59.2,237.9 67.5,239.2 72.6,239.2 74.4,237.9 75.4,236.1 75.4,233.7 76.5,231.8 78.9,230.5 80.2,229.0 80.7,227.7 80.4,226.3 79.5,225.0 79.8,223.5 81.1,222.2 85.3,221.3 92.2,220.7 97.6,221.4 101.3,223.3 104.2,226.5 106.6,231.2 107.9,233.3 108.5,232.7 109.4,233.3 110.7,234.6 111.0,236.2 110.1,238.1 112.4,240.0 117.9,241.8 121.2,242.3 122.1,241.3 121.8,239.2 120.5,236.1 120.0,233.9 120.5,233.0 123.0,230.7 127.6,227.0 131.3,225.0 134.1,224.4 135.5,223.5 135.5,222.2 132.7,221.9 127.2,222.8 123.3,222.2 120.9,219.8 119.8,217.9 119.8,216.6 121.6,214.5 125.3,211.7 126.1,210.3 123.7,210.3 122.1,209.9 121.2,209.0 120.7,207.8 120.7,206.5 121.4,205.0 122.7,203.7 123.3,202.0 122.7,200.2 123.3,197.6 124.6,194.4 126.4,191.7 128.8,189.2 131.8,188.1 135.5,188.1 140.1,187.2 145.7,185.4 148.6,182.8 149.2,179.6 151.4,176.1 155.7,172.4 157.0,169.6 155.7,167.8 154.9,166.1 154.9,164.8 155.9,163.2 157.7,161.3 158.4,159.5 157.9,157.6 157.0,156.2 155.7,155.3 155.4,153.2 156.3,150.0 154.0,147.9 148.4,147.0 142.4,148.2 136.0,151.3 132.0,154.1 130.7,156.5 128.8,156.9 126.4,155.6 125.3,154.4 125.3,153.4 123.5,151.1 119.8,147.4 117.9,145.1 117.9,144.2 119.6,142.8 122.7,141.0 125.5,138.6 127.9,135.9 128.6,132.8 127.6,129.7 127.6,126.0 128.6,121.7 127.9,118.6 125.5,116.2 123.0,115.0 120.2,115.0 117.5,113.7 114.7,110.9 113.3,106.7 113.3,101.2 112.2,97.7 109.8,96.4 107.6,95.8 105.1,96.4 102.0,95.8 97.7,94.5 95.0,93.9 93.7,94.5 92.9,95.6 92.9,97.5 92.5,98.9 91.5,99.8 87.2,100.1 79.2,99.5 74.6,98.4 73.3,96.5 71.8,95.4 70.5,94.9 65.6,94.9 57.3,95.4 52.7,95.2 51.8,94.2 49.6,93.8 46.5,93.8Z','M147.5,79.0 147.5,80.8 148.9,82.7 151.7,84.5 154.0,84.7 155.9,83.4 159.6,82.8 165.1,83.4 168.3,82.8 169.3,81.6 170.7,81.3 172.5,82.2 174.2,81.9 175.5,80.6 174.2,79.0 169.9,77.1 166.8,76.2 164.4,76.2 162.3,76.9 160.5,78.2 158.2,78.0 155.4,76.2 152.3,76.0 149.2,77.3Z'],
    'МСК+7':['M173.0,153.2 172.0,153.7 171.1,153.4 170.2,152.5 167.1,151.6 162.1,150.7 159.4,151.1 158.8,153.0 159.1,154.4 160.0,155.3 160.7,157.4 161.2,160.6 160.5,163.2 158.6,165.0 158.4,167.3 159.7,170.1 158.6,173.1 154.9,176.3 152.9,179.6 152.3,182.8 150.8,185.5 148.0,188.0 145.2,189.1 142.4,189.1 140.1,189.5 138.3,190.5 136.0,190.7 133.2,190.2 130.9,190.9 129.0,192.8 127.6,194.8 126.7,197.2 126.2,199.7 126.2,202.5 125.5,204.8 124.2,206.6 124.9,207.6 127.6,207.6 129.5,208.3 130.4,209.6 128.8,212.0 124.6,215.2 123.3,217.7 124.6,219.6 128.1,220.1 133.6,219.1 136.9,219.1 137.8,220.1 138.3,221.6 138.3,224.0 137.8,225.6 136.9,226.5 135.5,227.0 133.6,227.0 130.4,228.7 125.8,231.8 123.9,235.5 124.9,239.8 124.6,242.5 123.3,243.8 122.5,245.7 122.5,248.1 123.5,249.4 125.3,249.9 128.3,249.2 132.5,247.4 135.3,246.9 136.6,247.8 136.2,251.5 133.8,258.0 131.8,262.2 129.9,264.0 128.1,264.7 126.2,264.2 124.9,264.5 123.9,265.4 123.7,267.0 124.2,269.4 124.9,270.0 125.8,269.1 127.0,269.7 128.3,272.1 130.1,273.3 132.5,273.3 137.8,269.1 146.1,260.8 150.8,255.5 151.7,253.1 153.3,250.9 155.7,248.5 157.0,246.4 157.5,244.6 151.0,243.7 137.5,243.7 129.9,242.9 128.1,241.6 127.9,240.1 129.2,238.8 130.7,238.6 132.0,239.5 134.4,239.2 137.5,237.9 140.1,237.9 142.0,239.2 143.4,239.5 144.3,238.6 145.2,238.6 146.1,239.5 147.1,239.5 148.0,238.6 150.1,238.1 153.3,238.1 155.4,238.6 156.3,239.5 157.9,237.4 160.3,232.4 161.2,227.7 160.7,223.5 159.6,220.5 157.7,218.7 156.0,217.7 154.7,217.7 153.3,218.5 152.0,219.8 150.3,220.7 148.4,221.3 146.6,220.7 144.7,219.4 143.6,217.9 143.1,216.6 142.0,215.9 140.1,215.9 138.7,215.4 137.8,214.5 139.9,212.2 144.9,208.5 152.3,202.0 162.1,192.8 171.1,188.0 179.4,187.4 183.1,186.5 182.2,185.2 182.2,178.9 183.1,167.8 183.1,161.3 182.2,159.5 180.8,158.3 179.0,157.8 176.9,156.5 174.5,154.1Z','M173.4,101.9 166.0,101.4 160.9,102.6 158.2,105.3 157.0,107.5 157.5,108.8 157.2,110.0 156.3,110.9 154.7,111.2 152.3,110.6 150.8,111.2 149.8,112.5 148.0,112.5 145.2,111.2 142.0,110.9 138.3,111.8 135.3,112.1 132.9,111.5 131.1,110.6 129.8,109.3 128.6,109.0 127.6,110.0 127.2,111.5 127.2,113.9 128.3,116.0 130.7,117.8 131.8,119.9 131.8,122.3 131.3,124.1 130.4,125.4 130.4,128.7 131.3,133.7 129.0,138.6 123.5,143.3 122.1,146.7 124.9,149.1 126.7,151.1 127.6,153.0 129.0,153.0 130.9,151.1 132.5,150.2 133.8,150.2 136.6,148.8 140.9,146.0 146.4,144.7 153.3,144.7 156.0,143.3 154.7,140.5 156.0,137.4 160.3,134.3 163.3,130.8 165.1,127.1 166.0,124.5 166.0,123.2 165.3,122.4 164.0,122.4 162.8,122.0 161.9,121.1 161.6,119.7 162.1,117.8 163.4,115.8 165.8,113.4 167.7,110.9 169.0,108.1 170.7,106.0 172.5,104.7 174.5,103.8 176.9,103.2 177.9,102.8 177.3,102.3Z'],
    'МСК+8':['M169.9,108.1 168.6,110.9 166.8,113.4 164.4,115.8 163.1,117.8 162.5,119.7 163.1,120.8 164.4,121.3 165.6,122.4 166.5,124.3 166.0,127.1 164.2,130.8 162.3,133.5 160.5,135.4 158.6,136.5 156.8,137.1 155.7,138.0 155.1,139.3 155.7,140.8 157.0,142.1 157.2,143.5 156.3,144.8 156.8,146.3 158.6,147.6 159.4,148.8 158.8,149.7 159.6,150.0 161.4,149.5 164.2,149.7 167.9,150.7 170.2,151.6 171.1,152.5 172.0,152.8 173.0,152.2 174.2,153.0 175.5,154.8 177.1,155.9 179.0,156.5 180.8,157.6 182.7,159.5 183.8,163.0 184.3,168.0 184.1,174.1 183.1,180.9 183.1,185.2 184.1,186.5 185.6,187.4 188.0,188.0 191.5,187.2 196.1,185.4 200.4,185.5 204.7,188.0 208.4,189.1 211.6,189.1 213.2,187.0 213.2,182.8 214.1,180.0 216.0,178.7 217.4,178.4 218.3,179.3 219.5,179.6 220.8,179.1 222.3,177.5 223.6,174.7 227.3,173.1 233.4,172.6 236.8,172.9 237.7,173.8 237.7,175.2 236.8,177.0 236.8,178.1 237.7,178.7 240.0,177.8 243.7,175.4 245.6,171.9 245.6,167.3 246.3,163.2 247.6,159.5 244.9,155.9 238.0,152.8 233.8,150.4 232.5,149.1 231.5,146.7 231.0,143.5 229.7,141.0 227.3,139.1 227.1,136.8 228.9,134.0 232.6,131.9 238.2,130.6 241.9,130.0 243.7,130.6 245.1,130.0 246.1,128.7 246.1,126.9 245.1,124.5 242.8,123.6 239.1,124.1 236.5,123.6 235.2,122.3 234.7,120.6 235.2,118.7 234.0,116.9 231.3,115.0 225.7,114.1 217.4,114.1 211.6,114.6 208.4,115.5 205.4,114.9 202.6,112.5 200.7,111.5 199.8,112.1 198.2,111.3 195.8,109.5 194.9,108.1 195.5,107.2 194.7,106.3 192.9,105.3 190.8,104.9 188.4,104.9 186.2,105.8 183.8,107.6 181.8,108.6 179.9,108.6 178.2,107.6 176.9,105.8 174.8,105.3 172.0,106.3Z','M168.1,221.6 166.8,222.2 165.8,223.3 165.3,225.1 165.8,229.3 167.1,235.8 168.6,239.8 169.9,241.1 170.2,242.3 169.3,243.2 168.1,243.7 166.8,243.7 166.2,245.0 166.8,247.8 167.4,248.1 168.3,245.7 169.9,243.8 172.3,242.5 172.3,239.0 169.9,233.5 168.8,228.4 168.8,223.8Z'],
    'МСК+9':['M351.5,145.4 348.8,143.0 345.5,141.9 341.8,141.9 340.0,142.6 340.0,143.9 339.2,145.1 337.9,146.0 336.5,145.8 335.2,144.5 334.0,141.9 333.0,138.2 324.4,132.8 308.3,126.0 296.7,122.4 289.8,122.4 284.6,122.0 281.5,121.1 279.8,122.4 279.8,126.1 279.4,128.5 278.4,129.4 276.1,129.1 272.4,127.8 269.8,126.1 268.5,124.3 264.6,123.6 258.1,124.1 253.5,123.8 250.7,122.9 249.3,124.1 249.3,127.3 248.4,130.0 246.5,132.4 243.0,133.5 238.0,133.5 234.5,134.0 232.6,134.9 231.3,136.3 230.3,138.2 230.8,139.8 232.6,141.1 234.0,143.5 235.0,146.7 236.5,149.3 238.9,151.1 242.6,152.8 247.6,154.1 250.7,155.3 251.6,156.2 251.3,157.8 250.0,160.2 249.1,162.7 248.6,165.5 249.8,167.0 252.5,167.6 254.4,168.2 255.3,169.2 255.0,170.4 253.7,171.7 253.0,173.5 253.0,175.9 249.5,179.6 242.6,184.6 237.1,189.5 232.8,194.2 229.9,196.6 228.0,197.2 225.4,199.4 222.3,203.7 220.4,208.0 219.9,212.7 220.4,217.6 221.7,222.6 224.1,225.1 227.3,225.1 230.6,224.0 233.8,221.6 235.4,219.8 235.4,218.5 236.2,217.0 237.5,215.7 239.6,214.8 242.4,214.2 243.6,212.7 243.0,209.9 243.9,207.4 246.3,205.0 247.3,202.5 246.7,199.7 245.8,197.9 244.5,196.9 243.7,195.7 243.7,194.4 245.4,191.4 248.6,186.7 251.6,184.4 254.4,184.4 256.9,183.5 259.3,181.7 265.5,180.7 275.7,180.7 282.6,179.1 286.3,175.9 291.1,172.9 297.2,170.1 303.0,168.7 308.5,168.7 311.5,168.2 312.0,167.3 311.3,165.9 309.4,164.1 308.5,162.4 308.5,161.1 306.7,159.0 303.0,156.2 301.6,154.4 302.5,153.4 303.9,153.4 305.7,154.4 308.7,154.4 313.0,153.4 315.0,151.6 315.0,148.8 315.7,146.7 317.0,145.4 318.2,144.7 319.2,144.7 320.4,145.8 321.7,148.2 324.7,149.5 329.3,150.0 332.4,151.3 333.7,153.7 335.8,155.3 338.6,156.2 340.7,156.5 342.0,155.9 343.5,154.1 344.8,150.9 346.4,149.5 348.3,150.0 350.1,149.3 352.0,147.4Z'],
  };
  const ZONES_LABEL=[
    ['МСК+5',33.7,202.9],
    ['МСК+6',89.2,142.8],
    ['МСК+7',140.1,126.1],
    ['МСК+8',189.2,141.9],
    ['МСК+9',266.9,141.9],
  ];
  const ZONES_CITY=[
    ['Якутск',93.9,168.7],
    ['Магадан',196.6,179.8],
    ['Анадырь',270.6,161.3],
    ['Улан-Удэ',20.8,235.3],
    ['Чита',52.2,235.3],
    ['Благовещенск',103.1,244.6],
    ['Хабаровск',163.3,242.7],
    ['Владивосток',105.9,277.0],
    ['Южно-Сахалинск',216.9,261.2],
    ['Петропавловск-Камчатский',215.1,228.8],
  ];
  const ZONES_H=289;
